34
4
234
45
23
54
34
24
34
4
234
45
23
54
34
24
34
4
234
45
23
54
34
24
34
4
234
45
23
54
34
24
34
4
234
45
23
54
34
24
34
4
234
45
23
54
34
24
34
4
234
45
23
54
34
24
34
4
234
45
23
54
34
24
34
4
234
45
23
54
34
24
34
4
234
45
23
54
34
24
34
4
234
45
23
54
34
24
34
4
234
45
23
54
34
24
34
4
234
45
23
54
34
24
34
4
234
45
23
54
34
24
34
4
234
45
23
54
34
24
34
4
234
45
23
54
34
24
34
4
234
45
23
54
34
24
34
4
234
45
23
54
34
24
34
4
234
45
23
54
34
24
34
4
234
45
23
54
34
24
34
4
234
45
23
54
34
24
34
4
234
45
23
54
34
24
34
4
234
45
23
54
34
24
34
4
234
45
23
54
34
24
34
4
234
45
23
54
34
24
34
4
234
45
23
54
34
24
34
4
234
45
23
54
34
24
34
4
234
45
23
54
34
24
34
4
234
45
23
54
34
24
34
4
234
45
23
54
34
24
34
4
234
45
23
54
34
24
34
4
234
45
23
54
34
24
34
4
234
45
23
54
34
24
34
4
234
45
23
54
34
24

